BILL-25120276-2026-05|25120276|2026|5|2|6000|1780246800|1780333200|0|0
BILL-GV0004-2026-06|GV0004|2026|6|2|10000|1781456400|1782752400|1|1781575200
BILL-GV0001-2026-04|GV0001|2026|4|6|30000|1777568400|1777654800|1|1777689000
BILL-25120274-2026-05|25120274|2026|5|4|12000|1780246800|1780333200|1|1780369200
BILL-25120275-2026-05|25120275|2026|5|8|24000|1780246800|1780333200|0|0
BILL-KH0001-2026-05|KH0001|2026|5|3|15000|1780246800|1780333200|1|1780373700
BILL-25120277-2026-05|25120277|2026|5|10|30000|1780246800|1780333200|0|0
BILL-25120273-2026-04|25120273|2026|4|4|12000|1777568400|1777654800|0|0
BILL-GV0001-2026-05|GV0001|2026|5|5|25000|1780246800|1780333200|0|0
BILL-25120273-2026-05|25120273|2026|5|6|18000|1780246800|1780333200|0|0
BILL-KH0004-2026-06|KH0004|2026|6|2|10000|1781456400|1782752400|0|0
